

Dijkstra Shortest Path: [0, 1, 3, 27]
Dijkstra Shortest Path Weight: 4


All Paths: 
[0, 1, 2, 3, 4, 5, 6, 8, 9, 10, 11, 23, 24, 25, 26, 27]
[0, 1, 2, 3, 4, 5, 6, 8, 9, 10, 11, 23, 24, 26, 27]
[0, 1, 2, 3, 4, 5, 6, 8, 9, 10, 11, 23, 26, 27]
[0, 1, 2, 3, 4, 5, 6, 8, 9, 10, 11, 12, 13, 14, 17, 23, 24, 25, 26, 27]
[0, 1, 2, 3, 4, 5, 6, 8, 9, 10, 11, 12, 13, 14, 17, 23, 24, 26, 27]
[0, 1, 2, 3, 4, 5, 6, 8, 9, 10, 11, 12, 13, 14, 17, 23, 26, 27]
[0, 1, 2, 3, 4, 5, 6, 8, 9, 10, 11, 12, 13, 15, 17, 23, 24, 25, 26, 27]
[0, 1, 2, 3, 4, 5, 6, 8, 9, 10, 11, 12, 13, 15, 17, 23, 24, 26, 27]
[0, 1, 2, 3, 4, 5, 6, 8, 9, 10, 11, 12, 13, 15, 17, 23, 26, 27]
[0, 1, 2, 3, 4, 5, 6, 8, 9, 10, 11, 12, 13, 16, 17, 23, 24, 25, 26, 27]
[0, 1, 2, 3, 4, 5, 6, 8, 9, 10, 11, 12, 13, 16, 17, 23, 24, 26, 27]
[0, 1, 2, 3, 4, 5, 6, 8, 9, 10, 11, 12, 13, 16, 17, 23, 26, 27]
[0, 1, 2, 3, 4, 5, 6, 8, 9, 10, 11, 12, 23, 24, 25, 26, 27]
[0, 1, 2, 3, 4, 5, 6, 8, 9, 10, 11, 12, 23, 24, 26, 27]
[0, 1, 2, 3, 4, 5, 6, 8, 9, 10, 11, 12, 23, 26, 27]
[0, 1, 2, 3, 4, 5, 6, 8, 9, 18, 19, 22, 23, 24, 25, 26, 27]
[0, 1, 2, 3, 4, 5, 6, 8, 9, 18, 19, 22, 23, 24, 26, 27]
[0, 1, 2, 3, 4, 5, 6, 8, 9, 18, 19, 22, 23, 26, 27]
[0, 1, 2, 3, 4, 5, 6, 8, 9, 18, 20, 22, 23, 24, 25, 26, 27]
[0, 1, 2, 3, 4, 5, 6, 8, 9, 18, 20, 22, 23, 24, 26, 27]
[0, 1, 2, 3, 4, 5, 6, 8, 9, 18, 20, 22, 23, 26, 27]
[0, 1, 2, 3, 4, 5, 6, 8, 9, 18, 21, 22, 23, 24, 25, 26, 27]
[0, 1, 2, 3, 4, 5, 6, 8, 9, 18, 21, 22, 23, 24, 26, 27]
[0, 1, 2, 3, 4, 5, 6, 8, 9, 18, 21, 22, 23, 26, 27]
[0, 1, 2, 3, 4, 5, 6, 8, 9, 18, 22, 23, 24, 25, 26, 27]
[0, 1, 2, 3, 4, 5, 6, 8, 9, 18, 22, 23, 24, 26, 27]
[0, 1, 2, 3, 4, 5, 6, 8, 9, 18, 22, 23, 26, 27]
[0, 1, 2, 3, 4, 5, 7, 8, 9, 10, 11, 23, 24, 25, 26, 27]
[0, 1, 2, 3, 4, 5, 7, 8, 9, 10, 11, 23, 24, 26, 27]
[0, 1, 2, 3, 4, 5, 7, 8, 9, 10, 11, 23, 26, 27]
[0, 1, 2, 3, 4, 5, 7, 8, 9, 10, 11, 12, 13, 14, 17, 23, 24, 25, 26, 27]
[0, 1, 2, 3, 4, 5, 7, 8, 9, 10, 11, 12, 13, 14, 17, 23, 24, 26, 27]
[0, 1, 2, 3, 4, 5, 7, 8, 9, 10, 11, 12, 13, 14, 17, 23, 26, 27]
[0, 1, 2, 3, 4, 5, 7, 8, 9, 10, 11, 12, 13, 15, 17, 23, 24, 25, 26, 27]
[0, 1, 2, 3, 4, 5, 7, 8, 9, 10, 11, 12, 13, 15, 17, 23, 24, 26, 27]
[0, 1, 2, 3, 4, 5, 7, 8, 9, 10, 11, 12, 13, 15, 17, 23, 26, 27]
[0, 1, 2, 3, 4, 5, 7, 8, 9, 10, 11, 12, 13, 16, 17, 23, 24, 25, 26, 27]
[0, 1, 2, 3, 4, 5, 7, 8, 9, 10, 11, 12, 13, 16, 17, 23, 24, 26, 27]
[0, 1, 2, 3, 4, 5, 7, 8, 9, 10, 11, 12, 13, 16, 17, 23, 26, 27]
[0, 1, 2, 3, 4, 5, 7, 8, 9, 10, 11, 12, 23, 24, 25, 26, 27]
[0, 1, 2, 3, 4, 5, 7, 8, 9, 10, 11, 12, 23, 24, 26, 27]
[0, 1, 2, 3, 4, 5, 7, 8, 9, 10, 11, 12, 23, 26, 27]
[0, 1, 2, 3, 4, 5, 7, 8, 9, 18, 19, 22, 23, 24, 25, 26, 27]
[0, 1, 2, 3, 4, 5, 7, 8, 9, 18, 19, 22, 23, 24, 26, 27]
[0, 1, 2, 3, 4, 5, 7, 8, 9, 18, 19, 22, 23, 26, 27]
[0, 1, 2, 3, 4, 5, 7, 8, 9, 18, 20, 22, 23, 24, 25, 26, 27]
[0, 1, 2, 3, 4, 5, 7, 8, 9, 18, 20, 22, 23, 24, 26, 27]
[0, 1, 2, 3, 4, 5, 7, 8, 9, 18, 20, 22, 23, 26, 27]
[0, 1, 2, 3, 4, 5, 7, 8, 9, 18, 21, 22, 23, 24, 25, 26, 27]
[0, 1, 2, 3, 4, 5, 7, 8, 9, 18, 21, 22, 23, 24, 26, 27]
[0, 1, 2, 3, 4, 5, 7, 8, 9, 18, 21, 22, 23, 26, 27]
[0, 1, 2, 3, 4, 5, 7, 8, 9, 18, 22, 23, 24, 25, 26, 27]
[0, 1, 2, 3, 4, 5, 7, 8, 9, 18, 22, 23, 24, 26, 27]
[0, 1, 2, 3, 4, 5, 7, 8, 9, 18, 22, 23, 26, 27]
[0, 1, 2, 3, 4, 9, 10, 11, 23, 24, 25, 26, 27]
[0, 1, 2, 3, 4, 9, 10, 11, 23, 24, 26, 27]
[0, 1, 2, 3, 4, 9, 10, 11, 23, 26, 27]
[0, 1, 2, 3, 4, 9, 10, 11, 12, 13, 14, 17, 23, 24, 25, 26, 27]
[0, 1, 2, 3, 4, 9, 10, 11, 12, 13, 14, 17, 23, 24, 26, 27]
[0, 1, 2, 3, 4, 9, 10, 11, 12, 13, 14, 17, 23, 26, 27]
[0, 1, 2, 3, 4, 9, 10, 11, 12, 13, 15, 17, 23, 24, 25, 26, 27]
[0, 1, 2, 3, 4, 9, 10, 11, 12, 13, 15, 17, 23, 24, 26, 27]
[0, 1, 2, 3, 4, 9, 10, 11, 12, 13, 15, 17, 23, 26, 27]
[0, 1, 2, 3, 4, 9, 10, 11, 12, 13, 16, 17, 23, 24, 25, 26, 27]
[0, 1, 2, 3, 4, 9, 10, 11, 12, 13, 16, 17, 23, 24, 26, 27]
[0, 1, 2, 3, 4, 9, 10, 11, 12, 13, 16, 17, 23, 26, 27]
[0, 1, 2, 3, 4, 9, 10, 11, 12, 23, 24, 25, 26, 27]
[0, 1, 2, 3, 4, 9, 10, 11, 12, 23, 24, 26, 27]
[0, 1, 2, 3, 4, 9, 10, 11, 12, 23, 26, 27]
[0, 1, 2, 3, 4, 9, 18, 19, 22, 23, 24, 25, 26, 27]
[0, 1, 2, 3, 4, 9, 18, 19, 22, 23, 24, 26, 27]
[0, 1, 2, 3, 4, 9, 18, 19, 22, 23, 26, 27]
[0, 1, 2, 3, 4, 9, 18, 20, 22, 23, 24, 25, 26, 27]
[0, 1, 2, 3, 4, 9, 18, 20, 22, 23, 24, 26, 27]
[0, 1, 2, 3, 4, 9, 18, 20, 22, 23, 26, 27]
[0, 1, 2, 3, 4, 9, 18, 21, 22, 23, 24, 25, 26, 27]
[0, 1, 2, 3, 4, 9, 18, 21, 22, 23, 24, 26, 27]
[0, 1, 2, 3, 4, 9, 18, 21, 22, 23, 26, 27]
[0, 1, 2, 3, 4, 9, 18, 22, 23, 24, 25, 26, 27]
[0, 1, 2, 3, 4, 9, 18, 22, 23, 24, 26, 27]
[0, 1, 2, 3, 4, 9, 18, 22, 23, 26, 27]
[0, 1, 2, 3, 27]
[0, 1, 3, 4, 5, 6, 8, 9, 10, 11, 23, 24, 25, 26, 27]
[0, 1, 3, 4, 5, 6, 8, 9, 10, 11, 23, 24, 26, 27]
[0, 1, 3, 4, 5, 6, 8, 9, 10, 11, 23, 26, 27]
[0, 1, 3, 4, 5, 6, 8, 9, 10, 11, 12, 13, 14, 17, 23, 24, 25, 26, 27]
[0, 1, 3, 4, 5, 6, 8, 9, 10, 11, 12, 13, 14, 17, 23, 24, 26, 27]
[0, 1, 3, 4, 5, 6, 8, 9, 10, 11, 12, 13, 14, 17, 23, 26, 27]
[0, 1, 3, 4, 5, 6, 8, 9, 10, 11, 12, 13, 15, 17, 23, 24, 25, 26, 27]
[0, 1, 3, 4, 5, 6, 8, 9, 10, 11, 12, 13, 15, 17, 23, 24, 26, 27]
[0, 1, 3, 4, 5, 6, 8, 9, 10, 11, 12, 13, 15, 17, 23, 26, 27]
[0, 1, 3, 4, 5, 6, 8, 9, 10, 11, 12, 13, 16, 17, 23, 24, 25, 26, 27]
[0, 1, 3, 4, 5, 6, 8, 9, 10, 11, 12, 13, 16, 17, 23, 24, 26, 27]
[0, 1, 3, 4, 5, 6, 8, 9, 10, 11, 12, 13, 16, 17, 23, 26, 27]
[0, 1, 3, 4, 5, 6, 8, 9, 10, 11, 12, 23, 24, 25, 26, 27]
[0, 1, 3, 4, 5, 6, 8, 9, 10, 11, 12, 23, 24, 26, 27]
[0, 1, 3, 4, 5, 6, 8, 9, 10, 11, 12, 23, 26, 27]
[0, 1, 3, 4, 5, 6, 8, 9, 18, 19, 22, 23, 24, 25, 26, 27]
[0, 1, 3, 4, 5, 6, 8, 9, 18, 19, 22, 23, 24, 26, 27]
[0, 1, 3, 4, 5, 6, 8, 9, 18, 19, 22, 23, 26, 27]
[0, 1, 3, 4, 5, 6, 8, 9, 18, 20, 22, 23, 24, 25, 26, 27]
[0, 1, 3, 4, 5, 6, 8, 9, 18, 20, 22, 23, 24, 26, 27]
[0, 1, 3, 4, 5, 6, 8, 9, 18, 20, 22, 23, 26, 27]
[0, 1, 3, 4, 5, 6, 8, 9, 18, 21, 22, 23, 24, 25, 26, 27]
[0, 1, 3, 4, 5, 6, 8, 9, 18, 21, 22, 23, 24, 26, 27]
[0, 1, 3, 4, 5, 6, 8, 9, 18, 21, 22, 23, 26, 27]
[0, 1, 3, 4, 5, 6, 8, 9, 18, 22, 23, 24, 25, 26, 27]
[0, 1, 3, 4, 5, 6, 8, 9, 18, 22, 23, 24, 26, 27]
[0, 1, 3, 4, 5, 6, 8, 9, 18, 22, 23, 26, 27]
[0, 1, 3, 4, 5, 7, 8, 9, 10, 11, 23, 24, 25, 26, 27]
[0, 1, 3, 4, 5, 7, 8, 9, 10, 11, 23, 24, 26, 27]
[0, 1, 3, 4, 5, 7, 8, 9, 10, 11, 23, 26, 27]
[0, 1, 3, 4, 5, 7, 8, 9, 10, 11, 12, 13, 14, 17, 23, 24, 25, 26, 27]
[0, 1, 3, 4, 5, 7, 8, 9, 10, 11, 12, 13, 14, 17, 23, 24, 26, 27]
[0, 1, 3, 4, 5, 7, 8, 9, 10, 11, 12, 13, 14, 17, 23, 26, 27]
[0, 1, 3, 4, 5, 7, 8, 9, 10, 11, 12, 13, 15, 17, 23, 24, 25, 26, 27]
[0, 1, 3, 4, 5, 7, 8, 9, 10, 11, 12, 13, 15, 17, 23, 24, 26, 27]
[0, 1, 3, 4, 5, 7, 8, 9, 10, 11, 12, 13, 15, 17, 23, 26, 27]
[0, 1, 3, 4, 5, 7, 8, 9, 10, 11, 12, 13, 16, 17, 23, 24, 25, 26, 27]
[0, 1, 3, 4, 5, 7, 8, 9, 10, 11, 12, 13, 16, 17, 23, 24, 26, 27]
[0, 1, 3, 4, 5, 7, 8, 9, 10, 11, 12, 13, 16, 17, 23, 26, 27]
[0, 1, 3, 4, 5, 7, 8, 9, 10, 11, 12, 23, 24, 25, 26, 27]
[0, 1, 3, 4, 5, 7, 8, 9, 10, 11, 12, 23, 24, 26, 27]
[0, 1, 3, 4, 5, 7, 8, 9, 10, 11, 12, 23, 26, 27]
[0, 1, 3, 4, 5, 7, 8, 9, 18, 19, 22, 23, 24, 25, 26, 27]
[0, 1, 3, 4, 5, 7, 8, 9, 18, 19, 22, 23, 24, 26, 27]
[0, 1, 3, 4, 5, 7, 8, 9, 18, 19, 22, 23, 26, 27]
[0, 1, 3, 4, 5, 7, 8, 9, 18, 20, 22, 23, 24, 25, 26, 27]
[0, 1, 3, 4, 5, 7, 8, 9, 18, 20, 22, 23, 24, 26, 27]
[0, 1, 3, 4, 5, 7, 8, 9, 18, 20, 22, 23, 26, 27]
[0, 1, 3, 4, 5, 7, 8, 9, 18, 21, 22, 23, 24, 25, 26, 27]
[0, 1, 3, 4, 5, 7, 8, 9, 18, 21, 22, 23, 24, 26, 27]
[0, 1, 3, 4, 5, 7, 8, 9, 18, 21, 22, 23, 26, 27]
[0, 1, 3, 4, 5, 7, 8, 9, 18, 22, 23, 24, 25, 26, 27]
[0, 1, 3, 4, 5, 7, 8, 9, 18, 22, 23, 24, 26, 27]
[0, 1, 3, 4, 5, 7, 8, 9, 18, 22, 23, 26, 27]
[0, 1, 3, 4, 9, 10, 11, 23, 24, 25, 26, 27]
[0, 1, 3, 4, 9, 10, 11, 23, 24, 26, 27]
[0, 1, 3, 4, 9, 10, 11, 23, 26, 27]
[0, 1, 3, 4, 9, 10, 11, 12, 13, 14, 17, 23, 24, 25, 26, 27]
[0, 1, 3, 4, 9, 10, 11, 12, 13, 14, 17, 23, 24, 26, 27]
[0, 1, 3, 4, 9, 10, 11, 12, 13, 14, 17, 23, 26, 27]
[0, 1, 3, 4, 9, 10, 11, 12, 13, 15, 17, 23, 24, 25, 26, 27]
[0, 1, 3, 4, 9, 10, 11, 12, 13, 15, 17, 23, 24, 26, 27]
[0, 1, 3, 4, 9, 10, 11, 12, 13, 15, 17, 23, 26, 27]
[0, 1, 3, 4, 9, 10, 11, 12, 13, 16, 17, 23, 24, 25, 26, 27]
[0, 1, 3, 4, 9, 10, 11, 12, 13, 16, 17, 23, 24, 26, 27]
[0, 1, 3, 4, 9, 10, 11, 12, 13, 16, 17, 23, 26, 27]
[0, 1, 3, 4, 9, 10, 11, 12, 23, 24, 25, 26, 27]
[0, 1, 3, 4, 9, 10, 11, 12, 23, 24, 26, 27]
[0, 1, 3, 4, 9, 10, 11, 12, 23, 26, 27]
[0, 1, 3, 4, 9, 18, 19, 22, 23, 24, 25, 26, 27]
[0, 1, 3, 4, 9, 18, 19, 22, 23, 24, 26, 27]
[0, 1, 3, 4, 9, 18, 19, 22, 23, 26, 27]
[0, 1, 3, 4, 9, 18, 20, 22, 23, 24, 25, 26, 27]
[0, 1, 3, 4, 9, 18, 20, 22, 23, 24, 26, 27]
[0, 1, 3, 4, 9, 18, 20, 22, 23, 26, 27]
[0, 1, 3, 4, 9, 18, 21, 22, 23, 24, 25, 26, 27]
[0, 1, 3, 4, 9, 18, 21, 22, 23, 24, 26, 27]
[0, 1, 3, 4, 9, 18, 21, 22, 23, 26, 27]
[0, 1, 3, 4, 9, 18, 22, 23, 24, 25, 26, 27]
[0, 1, 3, 4, 9, 18, 22, 23, 24, 26, 27]
[0, 1, 3, 4, 9, 18, 22, 23, 26, 27]
[0, 1, 3, 27]
